1600
16
201
218
1
164
201
157
119
123
27
155
184
182
68
96
4
172
185
92
255
130
34
24
136
196
152
135
174
112
130
112
237
21
221
126
22
96
240
109
69
83
1
169
156
141
34
96
18
148
185
55
116
49
154
209
95
145
82
1
139
133
163
191
160
162
99
119
191
126
77
141
206
179
161
128
127
85
95
94
255
99
195
96
1
104
149
148
163
152
90
49
116
109
13
247
140
144
123
83
188
165
38
34
153
151
195
149
195
151
255
48
88
183
172
88
255
57
170
174
119
87
125
148
145
51
169
232
108
116
23
208
101
121
36
188
148
1
32
22
106
99
134
126
12
30
71
138
1
112
85
83
83
184
58
113
75
155
103
31
104
1
133
67
109
158
73
90
113
105
115
118
106
132
131
173
144
82
168
178
100
178
206
181
203
128
1
124
146
75
114
89
61
102
1
159
22
61
22
178
127
163
77
140
229
162
151
80
26
176
1
105
147
133
115
184
213
160
91
192
111
114
128
178
175
126
98
134
127
187
150
111
121
67
153
191
123
133
118
73
1
92
180
136
145
182
94
28
121
143
182
132
87
126
172
110
255
107
23
159
72
171
141
150
185
129
1
188
127
76
164
159
64
137
0
99
128
126
90
139
191
173
96
207
141
106
116
181
152
134
122
101
49
86
137
203
114
82
146
108
168
116
147
145
1
141
255
109
98
56
253
159
156
23
53
79
109
127
21
210
192
49
130
211
85
114
155
212
65
135
21
125
65
71
106
147
0
166
183
197
18
98
188
109
24
1
165
73
146
84
22
119
18
214
158
127
130
165
104
38
82
130
175
138
130
255
197
165
215
110
154
125
92
179
95
37
206
132
145
176
149
149
133
131
255
1
159
144
144
135
180
175
80
137
51
160
93
113
65
183
106
141
72
110
215
115
64
97
107
190
255
173
135
150
205
182
209
67
53
134
122
177
30
186
72
51
189
209
1
126
188
150
135
109
106
145
219
116
147
209
13
191
56
195
82
114
125
193
1
64
234
195
129
124
175
64
1
104
158
83
81
121
34
37
166
59
197
39
217
16
222
255
27
15
250
37
113
226
52
147
161
158
185
187
45
159
94
154
45
35
131
106
189
189
233
172
0
144
17
90
128
158
94
255
233
155
120
169
44
75
194
253
151
86
92
139
145
160
154
115
176
107
123
255
143
170
92
166
105
141
33
65
72
132
75
143
216
109
79
141
118
99
240
238
0
84
92
112
65
104
220
180
204
94
40
119
0
99
75
173
126
23
20
203
204
229
132
119
115
109
132
56
156
74
255
91
61
0
88
41
84
96
130
94
20
159
144
101
3
223
19
103
193
79
189
101
135
153
119
195
128
68
96
71
119
98
189
255
87
104
81
67
1
80
130
160
153
115
74
111
177
175
82
164
74
72
173
205
117
141
102
171
72
1
169
174
143
190
123
199
74
204
207
236
125
255
157
124
211
36
132
104
143
91
241
111
129
146
111
184
174
146
93
133
117
1
121
197
108
75
111
215
43
91
1
71
84
95
92
128
167
188
88
204
128
133
72
147
106
19
193
132
139
158
164
94
141
32
182
164
120
186
125
86
255
113
192
100
48
69
199
103
0
77
80
137
111
202
90
118
25
3
201
74
43
140
62
107
58
146
139
23
167
255
49
65
240
119
111
161
164
32
181
219
102
106
71
104
178
98
0
190
38
74
220
120
148
124
166
140
24
101
255
34
130
228
140
7
202
211
55
180
53
155
3
113
122
194
128
126
89
40
142
74
1
81
123
169
71
158
137
76
44
127
101
185
138
171
205
166
1
58
106
151
87
149
142
106
190
84
123
255
179
215
66
200
95
255
158
115
37
200
162
72
58
54
111
202
199
146
89
166
184
91
92
87
216
118
160
102
84
186
139
93
1
99
19
74
196
147
19
146
98
180
1
125
130
198
155
124
168
129
131
109
144
104
197
217
132
199
143
77
38
177
82
113
1
37
93
62
73
3
245
158
114
113
240
76
1
99
97
58
70
202
27
69
149
185
1
144
65
180
69
57
240
199
108
193
120
120
187
129
132
163
180
192
95
82
197
255
54
90
54
1
63
82
187
92
98
75
200
146
145
204
61
77
160
168
83
122
174
29
216
101
1
121
131
137
179
85
43
110
71
155
211
153
255
141
114
112
171
151
163
142
1
146
61
91
152
135
189
117
179
205
171
154
110
150
86
111
150
138
96
82
163
175
157
142
113
151
141
74
255
187
136
255
135
164
146
174
37
142
85
89
43
59
163
93
75
223
41
241
193
124
128
249
159
92
177
96
63
92
144
1
122
127
184
89
227
159
1
65
117
190
213
111
137
136
202
107
217
191
159
255
112
212
174
58
138
129
134
202
46
86
99
90
152
121
120
132
150
96
51
124
114
163
201
147
255
194
145
118
192
91
165
190
189
142
167
156
0
112
137
119
83
126
98
88
84
176
66
134
11
141
50
155
197
104
114
145
199
110
255
181
33
105
75
226
108
118
1
206
18
131
120
41
74
6
173
103
19
61
83
63
99
118
29
12
100
122
206
195
129
250
82
64
255
131
45
138
101
94
163
232
255
154
93
168
103
127
174
73
137
164
5
200
144
114
189
207
203
93
41
193
0
25
88
129
58
88
219
199
199
105
219
219
25
38
132
78
119
153
178
123
1
152
0
126
105
100
133
215
172
167
85
170
127
89
163
125
43
27
75
40
160
182
35
56
85
106
255
209
186
159
150
222
192
109
76
65
59
22
219
208
39
145
146
56
82
153
1
116
114
175
157
106
119
74
137
159
109
23
131
87
140
72
165
160
1
143
207
99
140
90
180
178
78
163
106
1
113
96
143
146
181
156
196
145
247
169
147
188
180
19
255
175
156
172
227
210
248
99
141
105
211
131
140
70
134
182
173
112
125
126
122
20
255
60
125
90
178
96
163
67
80
105
154
156
1
146
112
150
230
48
62
109
1
152
113
117
85
101
155
168
77
242
110
201
136
137
77
103
101
144
137
219
222
94
125
156
80
95
160
255
139
70
221
131
42
151
123
68
73
134
191
71
123
255
87
49
202
63
1
78
221
159
47
163
158
112
219
169
82
163
226
154
97
104
206
237
6
210
122
118
245
41
65
99
255
63
210
131
113
117
146
52
53
42
225
181
98
183
1
9
29
99
104
160
155
51
27
115
255
140
70
176
61
213
19
233
186
122
87
179
60
1
163
54
74
134
154
72
30
133
174
89
49
241
52
100
172
112
220
150
177
169
87
57
172
118
184
205
255
169
155
164
192
144
52
192
98
69
57
162
160
255
179
118
185
28
86
70
108
92
255
114
145
118
78
108
34
135
164
86
189
156
167
104
165
110
73
101
152
182
104
224
242
109
140
141
90
87
212
255
193
124
142
175
73
109
160
204
96
56
75
87
157
101
127
200
1
108
122
159
81
181
129
47
255
115
118
228
165
143
114
149
131
194
179
27
210
134
142
34
206
178
168
115
188
227
176
57
255
114
186
145
112
125
114
102
18
93
255
44
122
165
113
32
155
98
193
87
33
181
1
8
124
211
200
132
233
178
240
99
222
163
117
255
121
203
190
203
128
68
79
147
152
126
207
164
43
