824
86
205
131
1
133
159
159
17
255
66
64
129
65
15
161
199
189
189
81
255
55
138
90
110
136
76
183
70
185
1
171
183
154
255
88
170
67
36
218
99
255
190
89
205
91
51
176
15
142
112
46
141
12
74
171
255
142
110
145
236
185
0
109
203
168
67
129
66
117
1
233
200
51
32
100
175
150
192
107
0
1
153
153
7
136
59
212
204
255
151
60
115
93
95
126
157
85
131
38
255
135
153
61
176
94
123
179
118
217
213
1
29
156
182
34
255
24
154
112
218
169
154
167
112
108
116
164
255
184
159
144
255
172
82
130
165
88
72
103
150
179
205
58
255
1
117
108
175
91
113
161
238
56
1
159
39
83
161
145
236
175
1
73
224
129
32
121
249
94
31
1
42
21
124
154
208
128
142
209
1
159
163
139
141
188
161
137
68
152
0
209
151
101
255
124
141
59
79
175
145
255
67
103
132
171
164
110
191
123
77
153
77
190
120
255
77
77
92
135
132
255
218
174
189
156
135
1
54
172
78
89
140
125
116
93
175
36
238
62
1
253
77
203
22
135
91
175
255
181
148
255
124
112
163
155
200
31
58
111
155
255
240
145
155
116
1
113
193
153
255
132
201
146
1
158
105
123
146
106
113
46
132
205
226
68
99
148
255
109
110
64
26
44
157
255
111
113
255
121
153
73
116
11
56
201
255
149
202
171
190
123
186
1
5
212
31
13
150
252
187
74
255
145
173
162
69
19
145
134
153
245
242
4
243
81
1
220
1
161
3
124
138
73
77
1
213
83
172
131
64
138
93
121
8
244
0
57
123
109
0
158
117
115
135
255
21
123
190
183
197
24
114
224
53
116
1
104
107
64
159
109
184
116
255
98
89
130
15
18
255
219
4
201
10
1
177
56
103
127
97
106
48
143
255
68
29
137
44
164
255
170
134
132
226
234
143
48
150
47
49
132
35
255
28
0
146
165
72
34
130
165
148
146
180
159
101
1
115
166
44
237
0
237
80
148
118
213
112
110
128
255
113
104
157
76
80
130
129
212
1
205
22
133
142
29
84
156
118
49
147
173
255
92
152
135
171
22
1
212
55
147
255
57
91
92
68
128
153
86
67
62
132
163
164
182
1
255
210
131
77
76
24
204
107
151
255
133
146
112
151
85
192
24
15
149
255
122
234
187
120
130
36
205
85
131
82
182
1
55
1
196
78
145
158
94
158
31
76
50
18
78
255
162
134
29
77
92
128
48
206
147
255
104
158
93
1
72
92
99
183
9
24
225
236
255
148
84
128
113
136
70
204
97
255
73
107
159
1
55
134
230
117
132
215
98
175
96
82
255
100
71
223
86
146
81
139
232
1
169
149
90
119
99
160
90
190
164
255
242
107
28
113
151
178
255
180
179
21
135
178
137
150
1
159
209
233
255
132
214
108
91
121
14
118
16
36
116
51
120
1
178
1
150
228
161
140
216
98
128
181
146
91
170
1
88
18
215
97
170
191
144
0
36
101
62
134
91
255
40
15
181
82
95
82
1
56
183
215
149
80
183
218
255
157
232
138
105
38
54
81
94
91
255
99
82
91
53
204
206
112
213
255
216
117
67
92
67
45
0
90
88
93
83
112
103
255
66
159
126
13
1
147
124
139
130
94
216
130
136
64
135
172
161
1
155
146
202
195
255
236
101
48
145
63
124
165
119
255
141
111
106
3
1
228
64
16
106
146
127
151
105
174
39
193
142
185
50
1
208
163
71
72
154
9
1
155
168
105
135
14
61
74
146
1
140
1
153
111
26
99
168
73
172
200
168
211
227
168
255
79
231
201
193
169
138
144
64
255
120
110
172
201
157
123
82
255
255
166
152
74
188
115
118
81
