1000
15392
15478
15306
15497
15384
15427
15373
15490
15487
15490
15660
15327
15407
15259
15362
15323
15276
15471
15460
15368
15457
15317
15535
15673
15332
15459
15473
15449
15484
15499
15558
15481
15320
15536
15389
15454
15516
15275
15354
15471
15300
15358
15424
15553
15255
15344
15367
15418
15237
15186
15415
15304
15493
15290
15365
15321
15452
15262
15381
15203
15397
15510
15393
15278
15616
15403
15363
15405
15486
15446
15164
15508
15233
15398
15419
15384
15301
15320
15546
15391
15478
15196
15363
15478
15368
15468
15247
15403
15466
15618
15516
15482
15446
15558
15333
15447
15488
15512
15509
15451
15342
15513
15450
15232
15424
15377
15309
15387
15392
15494
15392
15246
15371
15492
15456
15412
15416
15546
15445
15462
15394
15343
15393
15635
15549
15592
15367
15186
15421
15425
15400
15266
15500
15334
15495
15492
15420
15357
15445
15290
15512
15350
15459
15346
15446
15407
15376
15398
15528
15429
15323
15349
15437
15467
15465
15353
15418
15438
15393
15270
15228
15384
15319
15300
15380
15286
15508
15534
15629
15337
15432
15496
15366
15625
15391
15393
15451
15408
15389
15391
15256
15374
15336
15424
15429
15475
15457
15396
15392
15262
15639
15434
15409
15389
15575
15366
15411
15241
15578
15392
15403
15358
15322
15487
15436
15387
15315
15498
15283
15443
15358
15418
15440
15402
15249
15380
15530
15368
15412
15335
15589
15371
15375
15361
15479
15550
15420
15385
15402
15255
15478
15280
15365
15531
15600
15237
15481
15374
15387
15477
15393
15421
15447
15394
15512
15437
15348
15391
15578
15339
15498
15472
15372
15326
15419
15617
15232
15476
15414
15230
15548
15321
15307
15544
15398
15382
15507
15395
15382
15416
15489
15384
15421
15504
15499
15549
15500
15293
15559
15474
15510
15452
15441
15337
15441
15490
15551
15371
15412
15434
15468
15449
15402
15268
15446
15243
15487
15389
15419
15293
15587
15490
15506
15418
15344
15511
15477
15449
15293
15517
15531
15256
15363
15485
15495
15427
15416
15493
15455
15499
15500
15370
15623
15456
15356
15512
15371
15519
15306
15379
15514
15488
15391
15508
15426
15278
15345
15532
15352
15522
15457
15450
15528
15285
15330
15313
15406
15438
15385
15407
15440
15507
15483
15391
15492
15385
15411
15340
15324
15530
15511
15538
15532
15397
15449
15467
15440
15548
15285
15400
15361
15431
15552
15342
15273
15376
15493
15446
15348
15492
15361
15415
15542
15537
15413
15439
15389
15298
15492
15362
15468
15454
15493
15461
15157
15250
15560
15561
15510
15347
15354
15417
15454
15417
15364
15389
15461
15393
15373
15406
15463
15302
15449
15270
15355
15368
15514
15405
15385
15384
15293
15506
15424
15442
15418
15361
15500
15449
15466
15502
15527
15354
15251
15317
15482
15494
15393
15380
15441
15468
15250
15440
15403
15349
15468
15337
15392
15424
15493
15390
15581
15472
15364
15470
15321
15265
15316
15302
15338
15360
15516
15426
15281
15497
15415
15369
15556
15346
15270
15512
15504
15399
15375
15366
15335
15399
15401
15568
15504
15343
15408
15414
15361
15288
15318
15345
15364
15421
15383
15392
15391
15434
15467
15428
15339
15394
15504
15370
15445
15396
15518
15387
15324
15281
15409
15405
15333
15441
15276
15311
15489
15389
15419
15405
15427
15404
15310
15497
15462
15391
15560
15405
15531
15363
15286
15479
15482
15498
15377
15561
15347
15627
15434
15435
15614
15440
15620
15338
15366
15383
15426
15248
15406
15243
15479
15404
15422
15481
15456
15413
15286
15477
15401
15494
15388
15189
15397
15444
15508
15489
15470
15403
15369
15396
15412
15499
15553
15616
15624
15362
15398
15494
15374
15288
15482
15507
15489
15570
15400
15460
15429
15492
15396
15290
15515
15496
15399
15395
15358
15360
15561
15368
15388
15227
15525
15295
15430
15419
15391
15260
15316
15465
15302
15401
15477
15461
15521
15233
15279
15432
15427
15436
15593
15538
15467
15254
15566
15329
15480
15293
15360
15255
15545
15467
15264
15403
15413
15449
15439
15457
15374
15447
15480
15363
15365
15483
15403
15403
15285
15306
15405
15288
15534
15348
15324
15517
15398
15278
15490
15530
15287
15523
15403
15319
15261
15258
15432
15550
15563
15247
15495
15434
15390
15418
15375
15332
15627
15471
15318
15373
15392
15612
15433
15371
15133
15388
15419
15434
15521
15520
15483
15302
15431
15347
15382
15540
15531
15379
15484
15430
15461
15380
15402
15496
15363
15338
15291
15282
15321
15360
15251
15252
15488
15387
15464
15492
15545
15505
15469
15418
15331
15426
15438
15416
15254
15509
15514
15432
15420
15431
15373
15507
15243
15372
15315
15424
15536
15495
15400
15586
15289
15376
15497
15234
15395
15371
15438
15315
15332
15431
15618
15465
15619
15299
15342
15444
15465
15556
15509
15244
15499
15387
15434
15497
15514
15387
15380
15467
15414
15441
15382
15482
15345
15474
15520
15456
15388
15234
15416
15379
15537
15537
15397
15372
15281
15372
15252
15367
15431
15356
15408
15353
15385
15370
15413
15369
15354
15515
15512
15465
15299
15566
15336
15368
15399
15574
15504
15268
15371
15459
15377
15387
15418
15459
15494
15394
15414
15339
15312
15460
15303
15356
15491
15450
15431
15423
15423
15462
15408
15408
15520
15554
15671
15463
15406
15490
15567
15409
15335
15518
15372
15583
15255
15328
15433
15424
15285
15391
15540
15457
15460
15372
15465
15393
15490
15202
15357
15603
15498
15453
15267
15516
15442
15306
15489
15204
15460
15327
15252
15332
15222
15362
15519
15309
15365
15515
15349
15378
15514
15307
15522
15325
15391
15291
15237
15489
15294
15524
15394
15341
15385
15394
15390
15279
15517
15494
15418
15535
15501
15393
15457
15527
15392
15372
15362
15403
15392
15442
15563
15399
15432
15624
15286
15261
15509
15255
15289
15438
15407
15462
15466
15292
15387
15415
15195
15522
15418
15424
15459
15238
15514
15463
15519
15282
15468
15494
15626
15512
15374
15416
15503
15380
15332
15385
15431
15449
15244
15443
15381
15625
15421
15376
15461
15429
15355
15278
15367
15504
15279
15505
15538
15348
15414
15377
15528
15385
15285
15410
15545
15306
15496
15401
15360
15536
15275
15398
15366
15411
15384
15419
15390
15294
15456
15475
15416
15441
15516
15634
15502
15541
15516
15270
15448
15572
15441
15424
15446
15468
15432
15485
15295
15319
15383
15347
15522
15438
15428
15469
15408
15463
