103
15326
14533
15603
15265
15642
15510
15463
15291
15305
15116
15569
15640
15626
15259
15567
15633
15628
15614
15599
15599
15566
15260
15637
15629
15539
15632
15235
15275
15343
15218
15574
15282
15207
15297
15356
15232
15334
15260
15309
15238
15203
15293
15251
15311
15240
15236
15259
15266
15162
15302
15194
15271
15263
15171
15240
15296
15370
15205
15288
15259
15262
15347
15296
15357
15190
15259
15302
15282
15240
15285
15254
15264
15267
15342
15222
15267
15322
15353
15235
15252
15243
15222
15268
15232
15233
15201
15293
15140
15241
15299
15305
15338
15257
15202
15274
15284
15175
15239
15215
15233
15341
15230
15648
