5000
15339
15412
15432
15371
15312
15494
15344
15449
15369
15449
15378
15369
15386
15296
15364
15363
15281
15380
15420
15367
15365
15307
15308
15361
15421
15384
15344
15357
15367
15388
15366
15348
15399
15297
15411
15317
15442
15431
15389
15385
15446
15322
15356
15366
15394
15459
15257
15316
15413
15347
15437
15411
15535
15338
15386
15280
15305
15388
15451
15312
15358
15323
15385
15313
15339
15350
15369
15283
15407
15361
15384
15395
15380
15357
15372
15287
15348
15447
15366
15380
15332
15375
15391
15420
15373
15383
15417
15303
15349
15388
15284
15343
15402
15337
15466
15343
15327
15398
15386
15381
15418
15394
15386
15390
15414
15361
15388
15338
15331
15319
15365
15322
15281
15372
15400
15356
15255
15346
15327
15413
15409
15403
15365
15349
15312
15321
15387
15316
15336
15344
15294
15388
15282
15369
15394
15407
15463
15432
15360
15323
15383
15393
15362
15411
15385
15375
15343
15406
15287
15301
15374
15351
15360
15384
15362
15396
15326
15318
15400
15380
15370
15353
15390
15296
15316
15491
15409
15409
15377
15450
15358
15469
15376
15429
15401
15364
15402
15347
15391
15348
15336
15327
15333
15399
15421
15348
15519
15291
15350
15459
15353
15372
15371
15325
15332
15409
15362
15274
15417
15329
15498
15388
15391
15270
15317
15311
15365
15429
15352
15381
15300
15422
15383
15381
15236
15334
15262
15387
15333
15500
15340
15300
15388
15419
15362
15363
15387
15320
15302
15372
15371
15301
15506
15400
15423
15390
15425
15310
15347
15310
15380
15317
15280
15353
15416
15398
15320
15399
15375
15392
15332
15355
15420
15404
15381
15310
15330
15376
15408
15382
15382
15442
15396
15376
15290
15299
15432
15375
15492
15309
15401
15366
15339
15406
15327
15407
15316
15335
15425
15364
15284
15407
15313
15409
15384
15373
15352
15433
15392
15383
15506
15327
15297
15327
15288
15372
15386
15414
15276
15389
15328
15372
15341
15354
15431
15385
15396
15364
15374
15294
15375
15398
15507
15378
15398
15401
15381
15365
15345
15412
15402
15339
15290
15395
15364
15391
15370
15319
15253
15371
15293
15356
15300
15252
15444
15298
15377
15365
15276
15291
15356
15448
15512
15384
15338
15335
15363
15392
15365
15340
15395
15466
15310
15386
15371
15384
15414
15361
15375
15416
15425
15359
15425
15402
15396
15439
15350
15329
15382
15365
15294
15265
15319
15390
15383
15386
15404
15373
15355
15451
15330
15393
15327
15408
15360
15375
15394
15370
15319
15324
15277
15296
15349
15363
15413
15324
15502
15362
15408
15365
15365
15436
15393
15396
15376
15442
15390
15331
15299
15313
15400
15261
15434
15345
15338
15332
15395
15371
15393
15289
15361
15338
15374
15336
15379
15384
15395
15260
15324
15449
15304
15337
15357
15445
15376
15336
15367
15326
15274
15361
15380
15380
15335
15445
15393
15446
15367
15302
15463
15400
15385
15297
15392
15320
15312
15357
15484
15382
15435
15367
15370
15232
15392
15371
15433
15427
15283
15327
15381
15393
15395
15362
15305
15369
15425
15456
15338
15369
15366
15380
15427
15396
15327
15364
15392
15314
15465
15349
15392
15430
15332
15307
15275
15343
15295
15383
15433
15420
15330
15446
15495
15416
15420
15426
15504
15336
15394
15385
15354
15313
15405
15470
15401
15395
15382
15379
15361
15307
15264
15364
15323
15389
15352
15382
15390
15367
15400
15327
15351
15287
15392
15392
15401
15356
15373
15361
15434
15489
15585
15386
15410
15387
15302
15359
15424
15398
15376
15289
15294
15381
15497
15396
15398
15372
15454
15359
15381
15367
15477
15308
15314
15317
15402
15289
15370
15279
15383
15332
15363
15382
15413
15385
15285
15456
15476
15392
15360
15458
15382
15387
15368
15300
15391
15282
15307
15420
15321
15368
15312
15308
15457
15323
15385
15476
15369
15407
15347
15440
15303
15474
15396
15310
15195
15331
15246
15353
15364
15441
15400
15376
15305
15393
15405
15350
15421
15388
15441
15495
15280
15381
15336
15233
15362
15383
15396
15439
15318
15266
15264
15286
15275
15375
15410
15258
15284
15364
15350
15354
15246
15398
15321
15373
15363
15405
15318
15280
15403
15365
15284
15425
15390
15382
15384
15408
15398
15317
15304
15403
15375
15387
15394
15271
15434
15340
15344
15279
15502
15357
15322
15407
15304
15374
15302
15389
15539
15383
15267
15370
15363
15371
15409
15328
15331
15464
15366
15433
15308
15334
15458
15402
15229
15331
15422
15289
15410
15336
15402
15365
15348
15365
15319
15386
15483
15361
15365
15410
15393
15397
15360
15263
15292
15445
15433
15364
15298
15408
15410
15267
15404
15417
15399
15418
15499
15426
15291
15358
15443
15298
15285
15371
15371
15450
15426
15326
15339
15391
15437
15357
15362
15383
15354
15364
15405
15373
15304
15338
15414
15432
15291
15376
15431
15420
15374
15312
15388
15363
15383
15381
15556
15328
15464
15400
15304
15360
15411
15402
15460
15344
15364
15399
15418
15277
15368
15380
15371
15416
15413
15403
15381
15414
15390
15367
15297
15414
15393
15389
15346
15420
15322
15363
15489
15306
15276
15443
15364
15443
15498
15325
15375
15347
15391
15510
15397
15409
15401
15397
15370
15348
15399
15264
15308
15383
15470
15413
15420
15436
15290
15416
15388
15286
15402
15397
15265
15408
15322
15358
15409
15364
15360
15320
15384
15363
15367
15391
15424
15445
15305
15341
15368
15362
15310
15440
15331
15359
15297
15328
15372
15379
15408
15348
15349
15386
15365
15399
15404
15302
15264
15318
15379
15322
15364
15563
15343
15365
15333
15345
15356
15328
15335
15466
15347
15306
15404
15325
15406
15238
15428
15382
15396
15421
15423
15381
15383
15314
15360
15387
15369
15379
15407
15382
15323
15376
15384
15416
15271
15412
15370
15309
15369
15379
15305
15386
15306
15383
15377
15290
15307
15407
15491
15360
15448
15382
15418
15370
15322
15373
15420
15399
15291
15366
15405
15320
15407
15347
15458
15469
15323
15390
15448
15408
15346
15339
15312
15442
15395
15285
15398
15346
15437
15301
15397
15448
15260
15488
15349
15291
15372
15428
15423
15386
15262
15371
15331
15353
15412
15387
15353
15510
15312
15247
15411
15409
15403
15366
15404
15266
15390
15365
15361
15367
15394
15363
15387
15438
15330
15268
15494
15403
15302
15496
15363
15368
15382
15412
15330
15312
15356
15395
15359
15378
15419
15384
15387
15282
15338
15332
15259
15341
15293
15368
15365
15228
15394
15282
15393
15315
15355
15381
15362
15277
15401
15382
15339
15406
15404
15373
15421
15347
15419
15261
15364
15317
15342
15276
15306
15374
15313
15459
15319
15291
15472
15406
15314
15374
15302
15430
15282
15354
15304
15391
15372
15356
15415
15345
15403
15382
15350
15368
15329
15277
15378
15349
15407
15329
15510
15335
15373
15278
15339
15396
15285
15339
15388
15331
15381
15367
15444
15320
15382
15432
15356
15369
15366
15492
15258
15450
15402
15420
15379
15371
15497
15470
15320
15369
15358
15404
15385
15579
15314
15365
15342
15394
15392
15263
15327
15406
15436
15517
15387
15397
15412
15334
15369
15407
15367
15285
15389
15443
15366
15369
15308
15407
15384
15411
15315
15390
15408
15384
15401
15516
15426
15418
15337
15402
15238
15391
15329
15377
15394
15369
15378
15362
15333
15371
15326
15347
15425
15378
15420
15345
15361
15300
15371
15389
15360
15452
15345
15364
15502
15413
15339
15222
15372
15429
15364
15388
15315
15392
15510
15317
15367
15439
15429
15357
15439
15433
15345
15419
15355
15308
15402
15238
15422
15349
15337
15375
15424
15340
15317
15417
15442
15325
15269
15349
15336
15412
15379
15408
15338
15241
15349
15381
15423
15306
15376
15445
15381
15389
15309
15363
15403
15417
15237
15480
15429
15399
15327
15340
15433
15374
15366
15331
15310
15339
15334
15351
15345
15295
15347
15413
15304
15370
15385
15298
15338
15409
15321
15360
15370
15402
15399
15403
15307
15239
15280
15366
15381
15377
15346
15407
15396
15419
15401
15369
15321
15328
15389
15371
15412
15338
15376
15394
15369
15364
15426
15312
15396
15448
15319
15288
15392
15411
15297
15400
15394
15386
15385
15333
15361
15400
15401
15313
15308
15414
15321
15399
15392
15455
15454
15354
15362
15340
15335
15398
15263
15371
15377
15361
15370
15274
15309
15408
15391
15251
15441
15323
15305
15366
15279
15363
15364
15285
15380
15380
15406
15473
15437
15422
15351
15412
15385
15298
15389
15370
15332
15291
15492
15469
15382
15381
15379
15365
15391
15408
15412
15350
15307
15394
15362
15402
15443
15364
15367
15380
15363
15397
15374
15283
15338
15248
15394
15392
15416
15258
15354
15356
15360
15433
15526
15363
15405
15347
15367
15384
15415
15366
15316
15341
15422
15370
15389
15404
15330
15232
15372
15327
15302
15366
15326
15385
15290
15360
15300
15349
15456
15401
15403
15338
15456
15487
15371
15377
15350
15366
15348
15444
15629
15422
15363
15365
15384
15269
15405
15383
15411
15417
15376
15404
15347
15401
15365
15387
15443
15380
15303
15319
15434
15370
15368
15297
15392
15504
15419
15522
15432
15332
15380
15386
15383
15284
15370
15324
15413
15362
15353
15363
15288
15400
15367
15445
15385
15378
15194
15349
15248
15323
15315
15395
15384
15315
15409
15420
15372
15343
15428
15408
15352
15388
15391
15402
15444
15384
15409
15327
15279
15327
15351
15349
15336
15418
15372
15361
15408
15360
15382
15389
15210
15409
15399
15327
15352
15363
15374
15355
15342
15313
15287
15432
15478
15541
15379
15393
15317
15470
15375
15381
15385
15411
15367
15368
15414
15305
15531
15475
15418
15350
15391
15376
15361
15326
15362
15343
15287
15412
15342
15276
15369
15306
15423
15309
15532
15390
15414
15378
15318
15432
15361
15368
15364
15380
15337
15386
15320
15328
15395
15326
15243
15405
15366
15415
15282
15401
15411
15356
15418
15447
15371
15295
15381
15293
15298
15417
15326
15370
15362
15393
15269
15385
15387
15370
15389
15362
15374
15309
15486
15347
15273
15451
15407
15402
15297
15371
15383
15331
15395
15465
15319
15310
15352
15362
15383
15321
15400
15422
15470
15391
15403
15437
15275
15394
15355
15379
15371
15385
15331
15397
15303
15370
15492
15276
15501
15309
15538
15350
15243
15307
15349
15398
15464
15387
15305
15318
15519
15259
15289
15421
15331
15489
15384
15362
15363
15409
15227
15439
15445
15298
15393
15376
15406
15411
15400
15310
15362
15382
15386
15464
15318
15420
15286
15362
15338
15284
15344
15372
15297
15392
15294
15368
15376
15404
15326
15335
15314
15268
15405
15360
15435
15291
15423
15290
15349
15377
15274
15334
15430
15411
15430
15402
15372
15339
15356
15363
15364
15471
15439
15373
15383
15487
15354
15389
15343
15382
15373
15405
15272
15377
15383
15296
15423
15357
15383
15270
15332
15321
15361
15390
15377
15402
15437
15338
15344
15351
15430
15382
15259
15372
15508
15390
15347
15353
15426
15364
15327
15395
15348
15369
15442
15273
15285
15441
15411
15334
15338
15314
15400
15364
15359
15410
15320
15302
15305
15495
15262
15226
15390
15392
15350
15388
15400
15360
15294
15326
15434
15317
15320
15381
15418
15275
15392
15507
15356
15407
15375
15325
15338
15398
15245
15367
15425
15409
15384
15369
15418
15310
15360
15351
15349
15387
15417
15323
15365
15311
15284
15377
15364
15397
15361
15386
15344
15272
15403
15461
15219
15279
15217
15372
15360
15364
15297
15471
15338
15379
15281
15377
15326
15280
15421
15498
15325
15395
15436
15367
15366
15417
15301
15573
15354
15276
15358
15261
15282
15328
15436
15402
15466
15345
15223
15402
15536
15327
15470
15323
15334
15448
15299
15323
15384
15381
15312
15422
15408
15367
15440
15370
15357
15365
15384
15437
15375
15297
15300
15396
15360
15400
15375
15338
15398
15329
15405
15162
15542
15404
15272
15406
15420
15373
15339
15327
15379
15382
15442
15441
15383
15326
15407
15355
15404
15342
15377
15361
15270
15309
15480
15297
15394
15307
15376
15407
15324
15400
15436
15363
15324
15508
15320
15369
15376
15328
15371
15381
15253
15414
15328
15284
15367
15326
15365
15512
15356
15344
15419
15376
15392
15405
15392
15393
15410
15325
15267
15388
15402
15281
15255
15286
15318
15363
15362
15368
15342
15313
15353
15288
15366
15367
15391
15281
15344
15319
15365
15349
15295
15320
15370
15261
15370
15362
15525
15309
15439
15361
15367
15385
15371
15390
15396
15358
15388
15279
15250
15484
15259
15339
15413
15326
15494
15350
15323
15338
15395
15371
15339
15393
15389
15299
15386
15427
15397
15363
15390
15307
15377
15250
15467
15382
15351
15401
15313
15291
15332
15305
15340
15447
15298
15391
15455
15367
15282
15438
15338
15320
15428
15391
15394
15491
15365
15373
15425
15436
15365
15455
15366
15334
15398
15388
15360
15387
15310
15302
15367
15361
15349
15403
15296
15389
15458
15438
15367
15403
15385
15360
15327
15527
15394
15425
15324
15387
15376
15476
15378
15391
15397
15404
15387
15402
15242
15389
15393
15363
15376
15327
15335
15295
15326
15395
15349
15342
15283
15434
15453
15449
15327
15222
15381
15303
15330
15364
15338
15409
15337
15349
15369
15363
15382
15339
15385
15261
15373
15442
15401
15361
15289
15362
15325
15332
15405
15369
15350
15404
15364
15285
15383
15403
15384
15355
15292
15263
15382
15341
15389
15422
15358
15419
15333
15418
15406
15425
15410
15374
15290
15387
15425
15353
15393
15289
15424
15365
15314
15454
15342
15372
15468
15533
15371
15384
15374
15401
15321
15343
15317
15424
15333
15386
15369
15334
15320
15337
15380
15428
15386
15341
15442
15287
15469
15346
15438
15341
15294
15325
15379
15305
15365
15405
15314
15377
15338
15381
15396
15344
15373
15320
15417
15277
15402
15439
15310
15466
15309
15406
15396
15345
15361
15327
15361
15308
15336
15254
15397
15388
15374
15498
15332
15386
15441
15276
15359
15322
15256
15387
15392
15405
15370
15361
15361
15434
15400
15364
15330
15388
15257
15344
15362
15440
15308
15368
15369
15347
15430
15341
15349
15366
15381
15450
15326
15320
15306
15367
15333
15387
15341
15360
15394
15420
15415
15275
15296
15466
15410
15359
15375
15386
15281
15310
15366
15310
15329
15314
15327
15393
15363
15415
15449
15392
15341
15465
15443
15378
15361
15308
15355
15325
15296
15325
15464
15416
15320
15367
15405
15434
15400
15371
15420
15349
15414
15355
15360
15415
15332
15488
15308
15403
15364
15286
15420
15321
15388
15379
15308
15367
15489
15442
15387
15376
15380
15364
15364
15447
15336
15404
15483
15372
15414
15358
15379
15245
15370
15294
15485
15362
15373
15375
15350
15371
15374
15384
15440
15395
15374
15281
15303
15316
15494
15389
15403
15394
15364
15269
15430
15399
15416
15384
15431
15488
15367
15380
15437
15313
15384
15389
15326
15397
15337
15374
15390
15335
15306
15281
15295
15382
15444
15366
15329
15359
15405
15377
15354
15449
15421
15423
15358
15393
15355
15401
15343
15351
15255
15424
15362
15282
15372
15290
15407
15335
15308
15290
15388
15357
15406
15322
15348
15376
15521
15504
15337
15387
15312
15277
15269
15316
15348
15466
15393
15388
15398
15400
15433
15301
15335
15407
15435
15331
15313
15449
15395
15411
15366
15359
15369
15421
15290
15390
15377
15421
15398
15377
15312
15394
15395
15364
15496
15286
15459
15352
15525
15297
15394
15502
15377
15360
15452
15390
15375
15416
15338
15392
15348
15361
15354
15422
15333
15503
15312
15321
15408
15491
15544
15271
15357
15420
15376
15362
15408
15494
15277
15330
15412
15408
15369
15341
15412
15376
15367
15415
15274
15397
15371
15295
15381
15262
15437
15361
15384
15393
15436
15449
15360
15324
15244
15319
15350
15422
15316
15396
15304
15403
15348
15372
15328
15349
15361
15374
15443
15432
15384
15370
15360
15262
15340
15391
15316
15385
15335
15374
15422
15372
15398
15382
15448
15298
15379
15269
15289
15400
15377
15422
15216
15318
15425
15372
15319
15362
15327
15378
15426
15350
15290
15366
15402
15289
15383
15436
15443
15424
15346
15403
15392
15364
15299
15363
15426
15337
15253
15403
15402
15507
15415
15425
15373
15307
15488
15339
15296
15377
15383
15462
15471
15355
15456
15352
15454
15251
15447
15300
15425
15276
15377
15382
15398
15376
15297
15385
15394
15373
15295
15383
15383
15491
15395
15446
15369
15365
15447
15639
15348
15327
15322
15307
15435
15316
15367
15308
15329
15390
15283
15386
15326
15407
15383
15365
15323
15384
15426
15412
15373
15490
15374
15308
15498
15304
15296
15304
15278
15324
15369
15355
15334
15330
15376
15391
15299
15358
15411
15384
15267
15317
15307
15414
15411
15276
15357
15283
15393
15409
15367
15340
15386
15389
15366
15273
15316
15217
15331
15360
15429
15376
15374
15322
15300
15373
15402
15337
15362
15356
15368
15376
15380
15291
15313
15338
15328
15354
15355
15230
15401
15388
15398
15355
15438
15481
15320
15413
15279
15437
15366
15342
15334
15306
15368
15323
15357
15404
15375
15287
15311
15361
15223
15359
15370
15407
15416
15335
15314
15451
15360
15391
15343
15396
15362
15484
15423
15394
15345
15439
15384
15356
15282
15379
15418
15490
15323
15409
15338
15464
15399
15370
15337
15275
15339
15384
15392
15336
15381
15346
15343
15417
15392
15387
15407
15413
15361
15372
15307
15361
15426
15393
15482
15409
15393
15366
15395
15475
15320
15432
15311
15478
15424
15262
15510
15377
15404
15385
15349
15379
15318
15274
15294
15345
15322
15446
15236
15409
15392
15367
15411
15500
15416
15269
15329
15468
15345
15264
15319
15392
15410
15500
15361
15321
15374
15372
15397
15387
15449
15411
15452
15310
15342
15401
15325
15325
15306
15406
15394
15361
15298
15364
15508
15417
15390
15456
15383
15385
15369
15330
15343
15377
15424
15447
15270
15444
15400
15411
15316
15283
15354
15398
15314
15355
15408
15384
15323
15438
15305
15303
15447
15413
15464
15346
15393
15515
15321
15436
15326
15367
15346
15353
15407
15360
15342
15418
15490
15328
15288
15311
15398
15413
15352
15306
15406
15374
15281
15400
15423
15276
15340
15427
15295
15402
15365
15456
15291
15341
15243
15363
15321
15379
15298
15414
15282
15404
15372
15377
15372
15332
15385
15295
15440
15362
15392
15483
15401
15377
15424
15380
15339
15304
15442
15371
15308
15331
15364
15303
15296
15347
15262
15366
15313
15386
15344
15427
15321
15387
15304
15337
15273
15392
15351
15398
15361
15390
15351
15412
15350
15417
15399
15349
15365
15343
15297
15543
15272
15316
15322
15407
15344
15373
15348
15453
15372
15307
15300
15412
15317
15380
15412
15289
15432
15403
15363
15372
15392
15301
15321
15326
15360
15453
15278
15429
15366
15274
15459
15370
15376
15315
15387
15383
15368
15373
15373
15324
15304
15341
15318
15361
15313
15320
15363
15369
15471
15351
15476
15415
15339
15380
15318
15322
15353
15258
15368
15430
15377
15327
15387
15251
15446
15380
15324
15391
15457
15256
15316
15433
15410
15386
15427
15446
15380
15310
15417
15412
15375
15365
15369
15323
15363
15330
15352
15325
15359
15360
15497
15361
15352
15458
15413
15386
15367
15325
15379
15452
15464
15420
15359
15326
15361
15393
15417
15403
15429
15362
15383
15262
15367
15394
15418
15351
15360
15450
15370
15314
15297
15362
15349
15390
15365
15391
15319
15370
15286
15431
15399
15389
15331
15274
15425
15374
15308
15269
15374
15350
15347
15335
15280
15302
15285
15424
15394
15297
15290
15255
15419
15368
15344
15376
15380
15332
15383
15375
15305
15304
15370
15412
15312
15352
15398
15464
15384
15354
15423
15337
15310
15427
15363
15369
15459
15318
15306
15396
15387
15314
15361
15366
15320
15374
15328
15424
15354
15374
15333
15398
15372
15360
15344
15408
15379
15384
15306
15399
15397
15239
15335
15377
15372
15406
15283
15378
15494
15415
15338
15360
15350
15403
15347
15399
15380
15276
15248
15394
15289
15310
15469
15419
15280
15408
15379
15396
15385
15307
15381
15372
15358
15456
15524
15309
15395
15368
15398
15386
15385
15382
15428
15384
15307
15423
15389
15346
15401
15415
15460
15386
15351
15295
15364
15363
15347
15316
15269
15613
15454
15350
15443
15372
15358
15375
15394
15266
15289
15283
15403
15439
15393
15300
15338
15372
15327
15346
15343
15395
15368
15326
15427
15369
15434
15346
15366
15413
15296
15290
15413
15420
15278
15373
15433
15391
15359
15370
15320
15359
15361
15419
15376
15364
15387
15352
15366
15389
15258
15396
15401
15342
15431
15355
15391
15420
15422
15314
15423
15437
15354
15377
15421
15336
15464
15427
15361
15358
15401
15332
15377
15443
15382
15260
15343
15405
15391
15388
15355
15397
15510
15408
15314
15379
15375
15306
15266
15329
15306
15475
15477
15322
15332
15291
15336
15208
15484
15276
15370
15369
15353
15381
15512
15366
15404
15325
15276
15329
15298
15531
15287
15383
15391
15310
15350
15447
15314
15434
15453
15365
15368
15369
15323
15302
15396
15263
15419
15368
15476
15426
15227
15398
15313
15320
15420
15379
15282
15361
15401
15390
15353
15268
15387
15352
15327
15354
15363
15401
15344
15322
15388
15296
15378
15394
15318
15271
15338
15479
15305
15367
15401
15350
15363
15398
15325
15529
15374
15304
15330
15379
15347
15342
15377
15335
15379
15324
15336
15384
15396
15288
15363
15358
15362
15371
15390
15306
15274
15264
15320
15317
15367
15416
15385
15283
15277
15338
15380
15385
15284
15477
15407
15377
15379
15366
15393
15429
15420
15364
15325
15337
15361
15271
15309
15254
15276
15312
15328
15453
15468
15362
15260
15249
15406
15386
15397
15348
15387
15347
15363
15368
15316
15257
15283
15283
15348
15387
15389
15272
15361
15341
15252
15362
15368
15394
15299
15381
15544
15365
15425
15355
15315
15334
15335
15392
15387
15379
15331
15281
15326
15318
15322
15355
15371
15323
15443
15325
15298
15365
15374
15372
15271
15471
15399
15379
15316
15343
15405
15358
15427
15330
15334
15321
15398
15405
15359
15380
15438
15396
15357
15409
15275
15319
15268
15414
15347
15459
15378
15248
15368
15344
15378
15395
15332
15393
15327
15389
15393
15332
15434
15367
15417
15460
15411
15309
15375
15278
15426
15364
15450
15411
15373
15289
15302
15372
15361
15374
15311
15377
15390
15416
15347
15437
15498
15367
15380
15438
15278
15444
15268
15422
15361
15525
15333
15405
15393
15404
15352
15414
15471
15254
15389
15425
15351
15391
15333
15350
15518
15370
15464
15451
15394
15335
15327
15347
15322
15455
15263
15477
15379
15447
15310
15390
15366
15406
15455
15338
15388
15361
15276
15292
15379
15397
15426
15338
15332
15338
15420
15362
15425
15409
15381
15263
15472
15317
15511
15344
15356
15286
15347
15377
15297
15489
15393
15333
15352
15393
15367
15355
15409
15421
15300
15363
15321
15457
15352
15438
15385
15363
15380
15338
15354
15361
15324
15370
15244
15350
15419
15371
15278
15406
15379
15432
15379
15329
15419
15366
15345
15454
15345
15334
15398
15478
15382
15277
15367
15384
15360
15367
15325
15377
15416
15420
15402
15341
15376
15353
15296
15351
15292
15423
15395
15362
15287
15386
15288
15376
15388
15387
15432
15369
15448
15380
15317
15405
15409
15395
15423
15443
15398
15384
15381
15354
15292
15350
15371
15485
15305
15313
15381
15423
15352
15320
15389
15337
15317
15354
15354
15332
15241
15342
15395
15339
15353
15304
15274
15391
15314
15273
15296
15383
15386
15277
15355
15354
15404
15410
15278
15355
15389
15383
15262
15373
15228
15451
15280
15402
15290
15308
15366
15444
15360
15440
15468
15298
15371
15335
15372
15391
15435
15314
15219
15282
15401
15408
15378
15365
15397
15412
15335
15367
15286
15304
15380
15423
15320
15299
15282
15519
15422
15433
15410
15381
15395
15332
15440
15298
15610
15488
15353
15341
15357
15280
15439
15441
15369
15334
15272
15385
15445
15439
15313
15392
15483
15331
15344
15329
15395
15396
15355
15392
15309
15370
15366
15399
15326
15378
15362
15384
15367
15372
15337
15376
15367
15365
15261
15390
15321
15428
15362
15364
15405
15376
15403
15380
15356
15383
15450
15375
15370
15358
15365
15399
15322
15342
15314
15380
15365
15312
15393
15412
15375
15338
15324
15394
15363
15384
15360
15414
15380
15348
15376
15406
15290
15349
15352
15422
15284
15329
15440
15374
15311
15489
15438
15348
15394
15328
15376
15304
15403
15371
15333
15402
15371
15290
15408
15391
15258
15383
15366
15303
15411
15442
15378
15340
15365
15396
15442
15375
15304
15325
15460
15401
15491
15421
15409
15371
15414
15377
15402
15337
15310
15407
15300
15399
15385
15363
15404
15340
15299
15375
15287
15320
15311
15359
15320
15381
15370
15344
15397
15404
15415
15266
15523
15284
15466
15428
15391
15324
15318
15474
15249
15391
15386
15332
15364
15424
15381
15363
15356
15308
15327
15384
15334
15362
15418
15355
15306
15328
15400
15396
15361
15244
15403
15362
15386
15300
15280
15478
15352
15421
15357
15404
15388
15276
15375
15308
15453
15338
15394
15310
15332
15343
15350
15409
15421
15385
15411
15407
15437
15276
15378
15406
15360
15399
15395
15470
15304
15403
15386
15458
15425
15347
15323
15401
15411
15470
15419
15404
15417
15387
15395
15369
15344
15370
15473
15397
15371
15379
15359
15389
15453
15288
15488
15353
15422
15300
15412
15332
15393
15409
15387
15335
15443
15305
15340
15351
15385
15370
15456
15286
15385
15403
15342
15366
15294
15426
15353
15405
15269
15385
15364
15376
15390
15400
15392
15360
15399
15320
15363
15372
15215
15264
15411
15443
15321
15363
15327
15321
15465
15405
15362
15277
15494
15507
15472
15402
15369
15383
15326
15389
15264
15522
15368
15349
15439
15491
15379
15346
15290
15277
15358
15324
15275
15346
15380
15379
15413
15301
15383
15272
15403
15363
15386
15346
15259
15394
15362
15285
15381
15320
15360
15371
15327
15361
15434
15446
15370
15365
15414
15351
15376
15322
15364
15330
15364
15314
15257
15399
15466
15355
15396
15428
15298
15467
15285
15381
15255
15374
15402
15370
15344
15296
15426
15327
15273
15328
15302
15450
15350
15409
15408
15493
15381
15244
15288
15370
15221
15365
15374
15490
15350
15362
15422
15389
15294
15377
15384
15268
15416
15363
15384
15360
15378
15363
15334
15290
15372
15284
15265
15368
15368
15454
15343
15306
15387
15304
15429
15329
15437
15367
15288
15421
15327
15381
15378
15415
15310
15373
15386
15360
15557
15393
15390
15381
15466
15294
15294
15457
15397
15409
15344
15500
15384
15387
15377
15412
15345
15321
15386
15394
15394
15330
15388
15374
15343
15363
15373
15377
15390
15388
15338
15312
15410
15371
15348
15342
15415
15422
15285
15441
15338
15292
15275
15416
15394
15380
15307
15415
15295
15456
15388
15422
15373
15275
15361
15350
15390
15394
15376
15440
15372
15324
15362
15321
15389
15372
15383
15308
15312
15401
15372
15436
15330
15442
15406
15355
15411
15426
15472
15322
15289
15333
15259
15424
15295
15430
15365
15306
15394
15414
15360
15405
15395
15364
15363
15294
15401
15490
15446
15415
15390
15379
15423
15369
15364
15301
15401
15329
15303
15309
15401
15464
15384
15412
15442
15368
15402
15365
15363
15421
15401
15289
15384
15515
15332
15332
15393
15379
15252
15387
15361
15470
15356
15296
15334
15402
15406
15292
15383
15316
15347
15261
15328
15378
15258
15385
15388
15373
15362
15403
15334
15317
15341
15318
15336
15365
15362
15346
15490
15393
15362
15380
15423
15350
15383
15333
15376
15305
15279
15407
15326
15337
15326
15237
15348
15407
15338
15391
15421
15322
15332
15408
15355
15420
15436
15274
15417
15318
15426
15340
15310
15297
15341
15253
15506
15304
15380
15431
15376
15373
15392
15397
15367
15280
15427
15387
15280
15379
15434
15289
15378
15340
15399
15374
15443
15356
15385
15388
15429
15385
15430
15401
15351
15317
15374
15410
15415
15360
15305
15294
15444
15419
15253
15369
15356
15270
15375
15371
15377
15349
15292
15343
15349
15508
15440
15401
15412
15349
15447
15303
15362
15412
15310
15399
15407
15307
15362
15382
15407
15223
15376
15416
15341
15374
15291
15332
15405
15416
15338
15417
15371
15391
15329
15493
15397
15377
15369
15465
15340
15357
15383
15502
15348
15324
15299
15338
15357
15401
15410
15441
15510
15353
15381
15389
15373
15420
15401
15327
15366
15369
15358
15355
15439
15383
15376
15420
15278
15381
15335
15406
15372
15414
15405
15368
15335
15376
15359
15367
15402
15355
15364
15360
15355
15415
15268
15519
15313
15389
15350
15392
15382
15389
15445
15326
15301
15278
15431
15335
15241
15371
15286
15400
15316
15253
15315
15393
15393
15394
15407
15439
15332
15388
15347
15317
15405
15323
15362
15414
15421
15369
15380
15391
15253
15395
15397
15368
15272
15381
15300
15349
15418
15412
15322
15367
15288
15326
15455
15423
15433
15385
15377
15355
15395
15298
15319
15366
15379
15270
15454
15368
15311
15424
15338
15216
15433
15397
15332
15403
15276
15359
15272
15350
15387
15470
15360
15355
15376
15363
15440
15394
15439
15429
15333
15378
15497
15321
15365
15400
15363
15388
15385
15391
15332
15363
15363
15389
15351
15414
15403
15411
15415
15374
15366
15384
15384
15307
15435
15464
15327
15363
15347
15451
15394
15376
15364
15381
15371
15357
15383
15433
15455
15270
15410
15273
15303
15440
15330
15357
15367
15326
15394
15320
15331
15426
15367
15284
15256
15342
15370
15362
15405
15310
15310
15388
15390
15337
15330
15375
15295
15330
15422
15394
15329
15307
15341
15343
15398
15280
15406
15395
15333
15387
15297
15391
15402
15337
15299
15422
15363
15261
15308
15418
15345
15370
15362
15439
15401
15356
15344
15392
15395
15463
15398
15366
15485
15402
15405
15366
15427
15382
15345
15382
15390
15295
15339
15369
15254
15418
15397
15427
15397
15362
15419
15334
15398
15229
15333
15287
15363
15390
15330
15345
15331
15370
15269
15317
15346
15367
15420
15412
15377
15394
15388
15423
15304
15366
15354
15425
15246
15365
15295
15381
15274
15304
15350
15242
15374
15373
15330
15345
15316
15425
15370
15337
15377
15369
15251
15350
15366
15400
15390
15409
15295
15344
15308
15391
15261
15394
15403
15395
15247
15360
15375
15370
15384
15452
15347
15336
15340
15301
15454
15427
15443
15391
15390
15348
15361
15368
15459
15454
15336
15336
15363
15390
15422
15294
15358
15240
15525
15430
15329
15287
15375
15383
15363
15320
15377
15363
15268
15350
15402
15405
15386
15319
15345
15363
15366
15239
15371
15398
15367
15380
15431
15362
15287
15369
15309
15365
15301
15355
15312
15502
15367
15380
15291
15457
15390
15402
15435
15366
15333
15259
15396
15346
15330
15303
15360
15429
15306
15357
15388
15365
15300
15353
15384
15327
15280
15290
15420
15361
15366
15361
15379
15358
15342
15312
15299
15351
15378
15409
15418
15368
15301
15495
15281
15304
15439
15349
15300
15280
15371
15416
15369
15371
15407
15405
15298
15369
15466
15386
15378
15435
15348
15388
15403
15269
15305
15290
15405
15289
15397
15375
15302
15407
15315
15374
15341
15301
15369
15418
15302
15496
15345
15347
15267
15408
15380
15336
15542
15292
15385
15321
15398
15401
15189
15303
15400
15356
15294
15411
15377
15358
15400
15361
15317
15364
15323
15475
15385
15442
15402
15297
15361
15397
15260
15418
15340
15386
15391
15318
15407
15377
15382
15405
15358
15437
15339
15300
15366
15414
15400
15424
15421
15353
15414
15383
15431
15376
15358
15397
15365
15426
15392
15368
15386
15271
15372
15403
15272
15316
15375
15374
15392
15347
15369
15403
15265
15371
15408
15416
15357
15439
15413
15451
15306
15361
15372
15380
15295
15421
15363
15308
15374
15267
15375
15432
15300
15401
15315
15392
15380
15346
15442
15401
15414
15363
15278
15371
15415
15365
15425
15309
15400
15365
15422
15419
15295
15360
15334
15296
15262
15410
15424
15361
15369
15305
15432
15416
15431
15371
15284
15308
15382
15314
15358
15337
15316
15373
15400
15491
15359
15341
15311
15340
