100
15345
15491
15386
15611
15492
15618
15408
15228
15182
15749
15595
15492
15686
15621
15466
15502
15399
15746
15463
15517
15367
15407
15445
15596
15464
15267
15388
15605
15621
15500
15559
15636
15676
15632
15756
15237
15552
15548
15674
15509
15502
15425
15689
15600
15392
15333
15617
15477
15283
15494
15511
15272
15565
15394
15696
15482
15569
15576
15564
15567
15455
15609
15527
15516
15496
15672
15508
15769
15534
15311
15465
15338
15532
15544
15576
15514
15564
15515
15549
15448
15514
15492
15422
15597
15337
15427
15620
15583
15380
15414
15537
15311
15507
15624
15508
15545
15431
15756
15515
15509
