5000
15435
15371
15387
15344
15402
15321
15429
15362
15265
15246
15376
15408
15279
15365
15498
15299
15394
15419
15405
15264
15426
15367
15244
15484
15422
15293
15407
15313
15432
15459
15391
15388
15381
15284
15279
15239
15326
15391
15298
15380
15418
15354
15385
15304
15499
15301
15445
15399
15455
15355
15461
15404
15404
15249
15339
15314
15399
15562
15245
15446
15421
15406
15422
15401
15279
15360
15338
15426
15370
15404
15379
15371
15214
15298
15430
15330
15256
15391
15363
15385
15325
15436
15258
15433
15245
15428
15262
15472
15297
15316
15159
15400
15357
15434
15348
15228
15308
15439
15384
15364
15346
15424
15380
15336
15319
15361
15372
15423
15256
15329
15482
15363
15432
15386
15365
15274
15373
15426
15244
15396
15166
15251
15405
15275
15305
15384
15417
15321
15402
15351
15378
15335
15534
15375
15318
15410
15434
15276
15384
15266
15425
15382
15280
15276
15361
15404
15291
15375
15288
15405
15343
15343
15352
15373
15439
15337
15497
15492
15332
15464
15312
15266
15372
15373
15358
15399
15419
15262
15365
15403
15490
15176
15348
15340
15353
15265
15421
15329
15416
15210
15364
15362
15386
15415
15309
15245
15412
15370
15423
15310
15389
15351
15295
15443
15402
15231
15430
15381
15293
15464
15289
15424
15221
15366
15249
15413
15410
15482
15364
15279
15454
15338
15256
15343
15364
15404
15303
15396
15335
15344
15395
15338
15380
15322
15382
15378
15299
15405
15368
15286
15464
15266
15271
15386
15442
15371
15308
15360
15446
15384
15305
15369
15456
15372
15288
15482
15424
15387
15377
15528
15370
15382
15363
15321
15212
15477
15409
15421
15379
15343
15354
15420
15315
15287
15281
15274
15434
15404
15241
15205
15378
15290
15167
15469
15397
15383
15400
15382
15419
15357
15383
15376
15314
15354
15326
15493
15396
15184
15267
15304
15308
15271
15495
15426
15320
15440
15283
15262
15440
15380
15361
15387
15263
15397
15353
15280
15427
15322
15338
15282
15355
15279
15510
15327
15409
15338
15360
15318
15434
15475
15231
15374
15349
15571
15607
15409
15428
15465
15264
15434
15360
15338
15434
15266
15379
15464
15293
15376
15290
15389
15287
15323
15283
15521
15290
15340
15371
15435
15391
15470
15357
15477
15414
15374
15252
15302
15431
15304
15410
15470
15560
15372
15377
15436
15234
15464
15318
15381
15254
15309
15396
15377
15240
15358
15319
15262
15383
15424
15387
15193
15330
15338
15384
15502
15383
15396
15447
15235
15199
15374
15250
15291
15328
15252
15344
15340
15406
15349
15407
15401
15385
15256
15264
15355
15381
15376
15352
15364
15488
15459
15260
15523
15370
15378
15402
15443
15354
15361
15384
15392
15415
15378
15300
15371
15462
15429
15373
15329
15363
15389
15358
15366
15335
15256
15323
15302
15349
15555
15370
15412
15317
15527
15409
15508
15283
15261
15420
15502
15349
15352
15494
15414
15527
15295
15300
15288
15405
15316
15475
15454
15570
15246
15376
15293
15391
15254
15335
15257
15395
15478
15279
15337
15376
15246
15371
15410
15323
15265
15414
15395
15271
15361
15399
15251
15436
15363
15546
15296
15293
15277
15424
15233
15482
15340
15359
15381
15298
15383
15383
15278
15257
15453
15346
15540
15429
15279
15334
15379
15354
15173
15289
15162
15258
15316
15294
15456
15267
15362
15300
15305
15354
15251
15424
15373
15367
15397
15243
15488
15320
15331
15264
15429
15433
15421
15276
15454
15355
15529
15291
15379
15436
15332
15398
15449
15265
15337
15322
15245
15312
15383
15492
15350
15368
15454
15356
15275
15344
15421
15309
15221
15371
15369
15441
15424
15408
15362
15506
15367
15302
15524
15343
15374
15351
15387
15233
15340
15261
15280
15375
15544
15343
15313
15361
15341
15278
15272
15187
15406
15318
15380
15333
15406
15340
15385
15260
15304
15392
15391
15362
15406
15442
15286
15367
15358
15324
15414
15255
15420
15290
15388
15490
15433
15396
15347
15423
15333
15256
15418
15398
15371
15414
15437
15349
15455
15290
15376
15338
15348
15491
15383
15423
15420
15290
15472
15310
15287
15362
15351
15428
15384
15369
15332
15368
15299
15329
15376
15363
15262
15411
15350
15343
15293
15380
15293
15384
15250
15447
15364
15422
15329
15454
15324
15296
15176
15489
15356
15369
15374
15398
15371
15302
15326
15465
15276
15304
15368
15317
15365
15367
15349
15368
15353
15262
15236
15423
15350
15305
15266
15357
15283
15404
15368
15195
15470
15428
15331
15388
15320
15294
15493
15275
15308
15398
15272
15354
15373
15380
15285
15374
15226
15261
15361
15305
15269
15389
15495
15303
15219
15394
15270
15352
15389
15342
15387
15328
15337
15380
15298
15249
15436
15326
15391
15344
15256
15393
15310
15308
15397
15324
15448
15245
15364
15463
15273
15342
15354
15265
15328
15490
15234
15280
15435
15320
15335
15375
15425
15267
15356
15377
15384
15435
15449
15361
15394
15327
15507
15327
15390
15304
15262
15401
15505
15420
15268
15354
15381
15386
15318
15437
15398
15391
15282
15389
15373
15281
15341
15297
15329
15216
15459
15370
15435
15432
15400
15412
15414
15480
15307
15398
15275
15153
15381
15266
15344
15274
15446
15360
15393
15337
15528
15366
15316
15258
15391
15430
15414
15299
15287
15471
15383
15317
15447
15212
15396
15256
15468
15332
15360
15411
15330
15385
15406
15238
15354
15377
15339
15261
15273
15407
15383
15401
15392
15442
15273
15532
15249
15497
15474
15189
15388
15422
15442
15279
15460
15339
15275
15420
15457
15332
15330
15451
15290
15465
15374
15412
15301
15363
15308
15331
15357
15453
15270
15412
15418
15371
15553
15248
15210
15228
15406
15257
15314
15319
15301
15278
15371
15372
15386
15380
15382
15273
15360
15405
15446
15343
15298
15262
15388
15359
15452
15447
15410
15281
15225
15505
15255
15415
15465
15267
15317
15370
15324
15390
15441
15457
15415
15265
15249
15415
15379
15289
15280
15284
15240
15439
15204
15396
15489
15377
15322
15358
15236
15389
15415
15334
15340
15244
15366
15362
15492
15484
15340
15362
15375
15436
15375
15358
15368
15288
15415
15432
15331
15286
15294
15384
15419
15257
15499
15465
15455
15321
15564
15491
15328
15420
15412
15253
15532
15333
15443
15496
15388
15277
15397
15369
15308
15304
15420
15397
15414
15510
15344
15421
15398
15400
15386
15244
15487
15286
15457
15302
15361
15391
15380
15368
15375
15421
15338
15415
15367
15427
15245
15460
15403
15452
15253
15399
15520
15395
15371
15455
15368
15306
15417
15294
15346
15519
15297
15289
15259
15363
15316
15311
15393
15386
15363
15389
15405
15274
15353
15405
15367
15451
15417
15419
15303
15220
15279
15256
15337
15308
15413
15433
15184
15351
15374
15400
15386
15452
15269
15384
15464
15421
15193
15313
15266
15345
15435
15365
15172
15491
15350
15460
15378
15295
15370
15437
15248
15361
15270
15271
15393
15273
15236
15265
15346
15391
15376
15470
15497
15553
15285
15334
15410
15422
15264
15382
15316
15315
15366
15447
15437
15316
15396
15414
15383
15247
15371
15372
15507
15322
15448
15462
15363
15368
15370
15333
15379
15401
15235
15336
15397
15449
15349
15327
15217
15297
15267
15419
15447
15228
15370
15458
15351
15366
15255
15398
15396
15359
15417
15339
15357
15457
15503
15252
15455
15384
15364
15321
15372
15362
15333
15387
15316
15263
15362
15293
15355
15252
15468
15385
15274
15391
15328
15421
15289
15388
15259
15378
15427
15238
15296
15521
15295
15282
15275
15301
15461
15335
15339
15317
15427
15242
15395
15416
15398
15265
15358
15379
15465
15393
15354
15303
15289
15434
15258
15223
15489
15414
15440
15497
15445
15400
15463
15331
15459
15309
15433
15322
15392
15387
15367
15296
15236
15342
15266
15306
15347
15319
15510
15372
15389
15436
15446
15508
15528
15377
15336
15329
15321
15428
15304
15299
15287
15367
15427
15306
15292
15487
15391
15415
15255
15351
15365
15419
15287
15364
15361
15251
15381
15278
15307
15379
15342
15255
15344
15347
15250
15491
15399
15399
15315
15361
15329
15376
15389
15470
15433
15253
15396
15348
15245
15460
15442
15421
15280
15268
15369
15266
15357
15363
15393
15339
15371
15365
15241
15273
15362
15188
15311
15473
15412
15380
15396
15282
15533
15241
15335
15215
15276
15366
15304
15332
15326
15395
15401
15245
15436
15275
15379
15331
15333
15405
15258
15350
15268
15340
15374
15460
15375
15328
15284
15381
15408
15302
15467
15317
15368
15349
15295
15391
15362
15336
15399
15347
15422
15418
15345
15304
15396
15408
15257
15395
15232
15226
15239
15361
15455
15367
15390
15365
15377
15425
15395
15350
15517
15332
15328
15259
15287
15299
15362
15418
15430
15368
15377
15428
15396
15351
15372
15331
15245
15253
15391
15368
15388
15342
15258
15451
15390
15309
15401
15379
15381
15406
15371
15370
15490
15360
15384
15400
15404
15246
15421
15291
15263
15277
15475
15404
15334
15517
15266
15371
15365
15361
15373
15242
15403
15286
15161
15386
15503
15267
15214
15243
15403
15341
15413
15248
15425
15311
15273
15495
15415
15385
15251
15402
15408
15495
15365
15318
15306
15264
15444
15391
15299
15518
15376
15384
15323
15257
15431
15389
15452
15375
15280
15304
15292
15296
15379
15290
15358
15388
15435
15391
15421
15352
15304
15292
15381
15351
15338
15399
15505
15323
15395
15310
15393
15236
15313
15370
15483
15423
15263
15490
15262
15251
15408
15510
15417
15287
15419
15510
15450
15409
15365
15333
15378
15418
15511
15251
15393
15381
15360
15390
15203
15464
15300
15420
15282
15368
15581
15313
15419
15390
15338
15300
15342
15304
15304
15365
15352
15343
15333
15396
15279
15482
15355
15400
15314
15274
15382
15450
15325
15361
15245
15323
15337
15364
15396
15495
15270
15259
15411
15410
15263
15437
15390
15213
15467
15255
15371
15520
15304
15358
15463
15425
15251
15230
15243
15519
15430
15293
15312
15517
15298
15356
15386
15239
15403
15215
15359
15462
15386
15394
15399
15240
15346
15461
15507
15246
15366
15390
15416
15450
15398
15361
15373
15285
15413
15272
15376
15496
15376
15303
15360
15387
15441
15463
15354
15311
15381
15446
15269
15422
15362
15194
15473
15430
15368
15489
15364
15267
15276
15360
15414
15236
15313
15375
15369
15500
15414
15353
15411
15232
15316
15394
15378
15421
15415
15371
15270
15328
15392
15262
15311
15447
15392
15426
15283
15355
15385
15344
15349
15332
15425
15506
15413
15401
15388
15383
15289
15249
15472
15425
15252
15419
15490
15377
15356
15505
15450
15331
15387
15377
15484
15226
15423
15337
15314
15370
15312
15376
15364
15381
15385
15405
15309
15358
15344
15324
15434
15365
15279
15341
15294
15358
15304
15400
15384
15376
15392
15371
15362
15372
15374
15416
15380
15340
15325
15383
15266
15434
15408
15469
15398
15344
15426
15291
15417
15200
15385
15368
15248
15402
15509
15303
15334
15354
15409
15370
15271
15240
15498
15371
15426
15384
15339
15349
15375
15481
15373
15285
15315
15435
15498
15453
15259
15415
15408
15403
15357
15360
15275
15298
15404
15362
15290
15406
15378
15371
15262
15513
15263
15403
15287
15372
15533
15411
15375
15386
15351
15338
15610
15402
15347
15413
15471
15368
15523
15386
15421
15434
15366
15372
15433
15411
15278
15380
15352
15451
15430
15381
15322
15512
15352
15408
15256
15397
15236
15395
15360
15374
15190
15366
15319
15404
15338
15326
15366
15310
15359
15458
15376
15383
15360
15300
15380
15431
15522
15391
15317
15375
15361
15507
15338
15270
15391
15365
15325
15236
15276
15288
15362
15353
15326
15338
15296
15445
15379
15410
15257
15370
15252
15484
15180
15262
15418
15381
15398
15437
15391
15526
15288
15363
15357
15358
15285
15335
15347
15401
15210
15428
15414
15256
15375
15348
15201
15340
15206
15329
15333
15294
15441
15249
15315
15264
15331
15474
15488
15521
15385
15400
15229
15364
15271
15391
15487
15437
15403
15529
15188
15489
15269
15440
15505
15260
15242
15245
15387
15364
15319
15372
15288
15303
15427
15441
15317
15312
15411
15418
15427
15370
15388
15350
15432
15402
15510
15370
15386
15277
15290
15465
15491
15374
15269
15537
15468
15405
15246
15398
15234
15332
15424
15343
15379
15347
15298
15350
15423
15442
15304
15325
15419
15377
15381
15349
15344
15374
15357
15336
15342
15377
15383
15388
15453
15388
15275
15326
15501
15432
15422
15369
15259
15292
15395
15351
15334
15368
15373
15391
15352
15408
15464
15375
15353
15454
15308
15573
15266
15273
15515
15468
15419
15408
15425
15365
15333
15469
15311
15490
15268
15387
15379
15362
15298
15372
15350
15310
15285
15397
15435
15448
15330
15281
15292
15300
15401
15299
15185
15287
15488
15275
15360
15353
15437
15456
15373
15455
15392
15255
15275
15362
15426
15342
15368
15402
15353
15415
15448
15383
15377
15267
15376
15265
15424
15348
15305
15238
15327
15372
15368
15259
15307
15339
15298
15306
15393
15404
15381
15246
15279
15265
15309
15299
15410
15304
15302
15450
15344
15466
15336
15491
15397
15441
15453
15342
15465
15375
15426
15428
15432
15285
15246
15401
15355
15388
15350
15242
15343
15414
15327
15451
15393
15461
15283
15361
15348
15419
15402
15343
15394
15274
15354
15356
15185
15366
15440
15413
15230
15205
15433
15305
15484
15312
15240
15384
15322
15433
15377
15374
15311
15295
15379
15263
15393
15316
15336
15259
15268
15438
15212
15480
15279
15306
15370
15403
15380
15329
15288
15370
15408
15410
15253
15417
15471
15383
15443
15389
15323
15351
15338
15503
15447
15320
15468
15453
15229
15298
15424
15487
15418
15249
15381
15284
15363
15334
15333
15219
15441
15472
15339
15365
15358
15421
15361
15354
15330
15235
15471
15286
15426
15401
15436
15370
15381
15436
15510
15396
15311
15503
15437
15384
15266
15232
15369
15413
15407
15304
15402
15421
15373
15238
15378
15361
15336
15218
15379
15406
15313
15349
15327
15423
15478
15361
15365
15349
15331
15360
15300
15401
15363
15345
15295
15409
15424
15435
15405
15494
15404
15301
15370
15480
15393
15324
15465
15303
15282
15352
15289
15364
15345
15356
15278
15427
15399
15356
15504
15307
15338
15356
15363
15391
15479
15391
15347
15352
15429
15336
15192
15393
15491
15480
15365
15453
15274
15335
15251
15412
15396
15311
15354
15222
15241
15383
15253
15374
15268
15377
15377
15209
15370
15406
15332
15339
15408
15479
15404
15302
15373
15174
15459
15493
15452
15311
15382
15483
15243
15453
15481
15385
15426
15413
15392
15369
15401
15376
15427
15378
15413
15482
15264
15455
15411
15422
15260
15373
15366
15380
15231
15387
15397
15443
15397
15329
15472
15354
15428
15323
15422
15467
15388
15289
15338
15418
15327
15381
15258
15278
15370
15377
15450
15411
15247
15422
15379
15251
15358
15381
15378
15389
15304
15324
15419
15441
15418
15271
15372
15260
15398
15420
15319
15412
15347
15329
15310
15269
15409
15452
15370
15294
15366
15298
15279
15315
15343
15410
15425
15310
15385
15283
15188
15306
15457
15449
15427
15410
15227
15281
15420
15517
15331
15360
15442
15386
15378
15489
15376
15409
15373
15235
15385
15393
15396
15515
15457
15384
15363
15492
15318
15258
15401
15443
15516
15363
15303
15441
15438
15470
15362
15334
15364
15355
15437
15513
15385
15403
15470
15425
15436
15360
15370
15370
15324
15390
15273
15377
15339
15328
15336
15326
15377
15293
15392
15265
15381
15309
15397
15400
15304
15362
15279
15352
15477
15355
15402
15362
15249
15490
15354
15417
15473
15381
15284
15224
15269
15443
15398
15631
15340
15329
15414
15444
15231
15336
15244
15408
15344
15412
15418
15234
15411
15404
15486
15345
15386
15415
15215
15343
15366
15257
15363
15315
15386
15346
15266
15316
15383
15371
15352
15386
15331
15314
15413
15364
15314
15458
15312
15459
15279
15237
15338
15284
15326
15489
15409
15351
15459
15267
15385
15343
15364
15332
15407
15373
15423
15296
15318
15375
15342
15300
15450
15397
15462
15287
15324
15321
15397
15397
15291
15354
15321
15316
15494
15310
15426
15233
15357
15334
15400
15397
15426
15337
15362
15443
15139
15440
15386
15567
15315
15317
15429
15412
15275
15294
15398
15390
15323
15370
15333
15406
15490
15248
15451
15214
15234
15295
15327
15307
15390
15429
15477
15387
15294
15348
15234
15369
15351
15307
15440
15400
15434
15378
15376
15310
15390
15372
15339
15587
15299
15309
15283
15287
15523
15425
15322
15241
15383
15481
15255
15360
15317
15296
15239
15249
15403
15339
15439
15489
15411
15386
15538
15390
15334
15302
15496
15363
15375
15379
15246
15362
15398
15254
15360
15304
15499
15389
15288
15341
15239
15264
15446
15431
15401
15344
15381
15266
15280
15432
15271
15311
15393
15301
15342
15424
15296
15329
15266
15315
15265
15310
15399
15307
15302
15369
15537
15453
15480
15354
15518
15244
15316
15513
15483
15379
15334
15333
15322
15324
15342
15391
15317
15423
15253
15402
15425
15376
15256
15426
15397
15337
15385
15413
15385
15391
15390
15470
15404
15240
15403
15340
15360
15259
15317
15269
15400
15353
15420
15290
15220
15274
15345
15397
15386
15346
15393
15409
15256
15243
15371
15290
15235
15406
15393
15240
15356
15243
15455
15270
15380
15425
15398
15443
15432
15311
15298
15386
15316
15361
15518
15495
15419
15412
15250
15427
15348
15424
15348
15401
15234
15396
15443
15508
15428
15314
15261
15467
15322
15418
15456
15373
15427
15489
15238
15289
15372
15357
15283
15256
15438
15365
15391
15425
15293
15619
15290
15403
15297
15532
15428
15429
15344
15340
15311
15350
15421
15358
15365
15413
15362
15374
15315
15298
15395
15268
15304
15501
15335
15416
15440
15369
15423
15294
15414
15293
15365
15535
15361
15292
15245
15287
15289
15279
15420
15325
15349
15300
15345
15301
15325
15250
15260
15220
15382
15284
15447
15333
15284
15421
15420
15393
15378
15491
15367
15209
15446
15414
15479
15238
15534
15418
15236
15402
15456
15425
15421
15241
15339
15285
15321
15333
15412
15354
15350
15403
15225
15360
15356
15397
15354
15367
15249
15468
15405
15270
15408
15294
15299
15495
15317
15436
15299
15366
15270
15276
15393
15343
15366
15302
15234
15355
15417
15382
15285
15333
15297
15313
15376
15472
15259
15396
15134
15422
15503
15411
15366
15372
15404
15322
15296
15369
15404
15422
15291
15317
15325
15319
15277
15440
15371
15578
15265
15271
15247
15297
15360
15384
15396
15382
15361
15324
15283
15381
15379
15448
15366
15401
15439
15283
15416
15311
15483
15386
15307
15364
15432
15333
15409
15468
15380
15340
15254
15261
15337
15360
15359
15213
15324
15510
15361
15292
15401
15390
15323
15349
15354
15386
15389
15417
15420
15290
15310
15377
15420
15295
15188
15377
15296
15254
15226
15232
15406
15516
15421
15509
15381
15377
15215
15349
15377
15257
15458
15448
15243
15377
15374
15392
15232
15214
15397
15364
15351
15249
15503
15313
15366
15269
15514
15403
15383
15271
15411
15461
15338
15364
15410
15347
15309
15297
15429
15240
15247
15431
15347
15266
15396
15476
15254
15325
15254
15386
15323
15399
15347
15230
15433
15426
15275
15251
15281
15332
15380
15360
15374
15329
15286
15400
15353
15426
15325
15378
15315
15319
15377
15286
15416
15342
15398
15375
15363
15408
15286
15366
15267
15440
15395
15330
15387
15431
15387
15390
15399
15319
15221
15411
15202
15537
15282
15324
15478
15364
15291
15358
15311
15457
15346
15263
15391
15298
15130
15254
15392
15233
15324
15353
15375
15353
15279
15285
15407
15278
15295
15393
15301
15467
15411
15342
15300
15420
15410
15389
15296
15319
15368
15239
15368
15371
15392
15397
15344
15409
15352
15355
15309
15366
15351
15253
15255
15315
15471
15452
15228
15370
15364
15272
15253
15365
15365
15388
15370
15303
15249
15379
15354
15426
15324
15340
15336
15314
15301
15448
15320
15498
15353
15541
15392
15386
15276
15424
15364
15260
15390
15390
15391
15272
15338
15343
15238
15262
15309
15447
15392
15442
15415
15400
15312
15271
15292
15361
15308
15340
15344
15313
15320
15288
15306
15561
15247
15363
15407
15323
15350
15360
15440
15289
15299
15392
15384
15426
15374
15367
15347
15443
15400
15377
15411
15409
15310
15416
15374
15488
15366
15248
15417
15359
15489
15447
15368
15342
15293
15405
15299
15355
15366
15345
15272
15395
15408
15418
15431
15382
15385
15266
15270
15248
15369
15275
15409
15498
15468
15384
15204
15323
15507
15396
15367
15364
15409
15373
15331
15319
15168
15379
15226
15377
15414
15357
15401
15449
15416
15414
15253
15390
15339
15391
15527
15385
15361
15409
15264
15372
15385
15258
15432
15283
15368
15250
15336
15377
15343
15387
15285
15380
15248
15371
15178
15396
15355
15400
15401
15355
15295
15410
15357
15400
15291
15303
15423
15395
15408
15286
15429
15335
15204
15376
15347
15312
15390
15286
15408
15452
15317
15296
15382
15348
15485
15309
15387
15305
15455
15325
15444
15334
15422
15429
15444
15408
15288
15404
15292
15466
15278
15503
15353
15402
15301
15493
15500
15394
15485
15333
15302
15353
15336
15373
15238
15404
15332
15211
15309
15355
15395
15441
15244
15260
15243
15418
15458
15416
15294
15453
15325
15460
15394
15398
15313
15343
15326
15416
15348
15424
15418
15305
15414
15261
15444
15345
15375
15454
15314
15327
15378
15360
15410
15365
15466
15281
15369
15277
15241
15425
15357
15397
15516
15365
15339
15412
15393
15336
15431
15232
15382
15356
15453
15280
15338
15425
15409
15289
15508
15295
15330
15358
15410
15315
15406
15302
15368
15339
15393
15247
15287
15215
15236
15510
15369
15221
15492
15421
15355
15437
15278
15394
15382
15262
15312
15349
15410
15228
15413
15232
15303
15348
15373
15467
15234
15399
15371
15304
15415
15210
15340
15292
15357
15302
15309
15515
15495
15237
15333
15364
15258
15428
15436
15450
15255
15330
15487
15328
15432
15388
15398
15409
15355
15278
15290
15340
15366
15317
15341
15486
15431
15400
15510
15279
15369
15378
15328
15524
15335
15224
15387
15393
15420
15342
15381
15345
15431
15412
15288
15422
15296
15312
15422
15497
15349
15369
15506
15365
15312
15299
15283
15301
15397
15260
15537
15443
15392
15474
15402
15464
15429
15403
15391
15287
15474
15322
15349
15401
15378
15372
15355
15358
15445
15371
15349
15384
15413
15390
15465
15274
15363
15296
15342
15290
15307
15362
15608
15410
15427
15374
15352
15416
15250
15454
15246
15323
15394
15507
15348
15391
15568
15279
15424
15511
15493
15223
15362
15384
15375
15294
15330
15242
15521
15362
15311
15244
15307
15429
15274
15233
15428
15414
15301
15422
15303
15396
15268
15388
15237
15308
15508
15372
15283
15242
15386
15284
15297
15271
15390
15393
15376
15509
15309
15277
15203
15331
15367
15294
15360
15382
15232
15426
15333
15404
15290
15459
15402
15363
15378
15287
15360
15321
15417
15281
15334
15316
15372
15309
15346
15420
15249
15272
15332
15495
15259
15396
15490
15270
15259
15416
15457
15362
15320
15471
15341
15377
15397
15384
15468
15395
15278
15438
15410
15459
15236
15388
15378
15359
15356
15327
15428
15344
15401
15350
15346
15344
15260
15453
15340
15349
15359
15350
15503
15427
15389
15384
15348
15313
15450
15360
15351
15250
15230
15344
15306
15217
15382
15361
15324
15441
15413
15299
15386
15297
15292
15343
15364
15404
15485
15456
15316
15320
15383
15311
15336
15246
15384
15317
15437
15412
15451
15411
15362
15287
15318
15366
15239
15297
15391
15364
15371
15496
15406
15425
15473
15355
15371
15415
15401
15394
15488
15302
15402
15397
15381
15328
15264
15361
15323
15284
15423
15376
15252
15241
15442
15434
15374
15473
15415
15415
15372
15371
15432
15437
15300
15338
15396
15263
15334
15265
15487
15387
15359
15483
15344
15328
15401
15409
15500
15361
15332
15267
15300
15481
15399
15343
15370
15377
15215
15379
15377
15312
15338
15433
15395
15278
15259
15350
15395
15313
15382
15300
15351
15361
15355
15254
15361
15250
15457
15394
15371
15398
15383
15362
15364
15285
15393
15352
15435
15272
15248
15427
15270
15454
15429
15279
15373
15327
15262
15436
15320
15302
15225
15306
15415
15324
15270
15376
15436
15339
15456
15332
15437
15246
15376
15261
15249
15364
15409
15360
15237
15376
15494
15351
15363
15401
15275
15298
15309
15374
15407
15384
15370
15374
15250
15244
15365
15372
15429
15315
15518
15234
15517
15461
15394
15465
15326
15298
15312
15307
15241
15380
15279
15309
15337
15477
15427
15363
15457
15335
15264
15328
15287
15390
15326
15471
15367
15333
15324
15256
15367
15313
15398
15398
15291
15479
15287
15357
15366
15301
15386
15362
15401
15355
15446
15401
15271
15309
15407
15338
15351
15387
15385
15374
15210
15311
15335
15461
15523
15344
15383
15344
15308
15445
15455
15460
15316
15383
15500
15212
15444
15364
15286
15304
15487
15266
15274
15352
15374
15362
15350
15351
15329
15377
15232
15394
15398
15253
15381
15457
15132
15509
15408
15390
15383
15290
15324
15437
15514
15375
15320
15312
15476
15308
15430
15478
15676
15287
15266
15361
15313
15392
15306
15306
15377
15415
15309
15411
15271
15373
15400
15398
15485
15294
15349
15496
15288
15392
15391
15321
15391
15305
15379
15402
15260
15429
15376
15485
15420
15298
15443
15397
15281
15287
15328
15376
15340
15432
15386
15258
15316
15307
15473
15245
15423
15404
15389
15198
15469
15254
15523
15405
15318
15268
15324
15446
15406
15293
15318
15370
15355
15324
15432
15425
15386
15258
15313
15444
15297
15405
15393
15297
15244
15255
15362
15334
15233
15388
15412
15297
15328
15383
15407
15262
15364
15254
15353
15233
15357
15250
15307
15540
15247
15197
15311
15374
15451
15434
15352
15282
15373
15358
15361
15365
15362
15370
15322
15274
15376
15400
15428
15355
15405
15317
15374
15501
15476
15278
15347
15358
15443
15419
15302
15243
15420
15368
15385
15400
15378
15423
15284
15280
15343
15289
15356
15261
15325
15327
15362
15221
15358
15364
15403
15309
15340
15374
15460
15289
15408
15223
15374
15397
15369
15303
15215
15309
15240
15557
15477
15219
15412
15386
15393
15288
15351
15407
15380
15414
15378
15476
15425
15449
15249
15359
15242
15380
15446
15308
15228
15313
15312
15333
15517
15449
15375
15385
15349
15497
15412
15373
15363
15404
15463
15291
15327
15367
15383
15322
15287
15390
15317
15342
15279
15239
15418
15300
15322
15442
15359
15374
15316
15311
15277
15289
15414
15366
15632
15287
15298
15300
15311
15334
15374
15466
15360
15433
15400
15401
15495
15398
15540
15318
15374
15420
15421
15357
15418
15442
15390
15265
15584
15443
15397
15365
15372
15249
15309
15262
15309
15383
15334
15347
15376
15260
15378
15410
15314
15281
15325
15479
15249
15297
15346
15280
15254
15559
15250
15427
15501
15382
15348
15260
15380
15402
15353
15274
15309
15443
15355
15410
15363
15406
15251
15384
15349
15326
15426
15347
15432
15473
15457
15327
15284
15454
15425
15313
15369
15351
15368
15422
15521
15263
15406
15436
15372
15381
15255
15322
15427
15384
15377
15367
15529
15396
15410
15495
15235
15438
15278
15591
15460
15317
15375
15407
15268
15399
15172
15343
15382
15466
15298
15353
15338
15346
15352
15330
15494
15381
15342
15337
15434
15425
15428
15359
15337
15360
15377
15379
15195
15403
15313
15399
15364
15310
15375
15397
15326
15371
15241
15331
15366
15297
15247
15394
15330
15341
15354
15355
15472
15455
15294
15341
15249
15320
15462
15255
15247
15405
15436
15233
15464
15299
15367
15274
15358
15297
15281
15398
15207
15356
15461
15403
15316
15288
15376
15252
15391
15389
15342
15270
15403
15337
15491
15438
15328
15328
15359
15373
15336
15489
15281
15260
15241
15263
15262
15389
15465
15376
15441
15325
15467
15273
15219
15362
15287
15313
15351
15389
15485
15401
15317
15421
15300
15362
15265
15503
15384
15365
15290
15286
15304
15366
15254
15459
15315
15382
15283
15257
15258
15341
15435
15397
15416
15377
15373
15393
15461
15495
15384
15414
15427
15366
15373
15432
15278
15427
15323
15412
15395
15426
15413
15271
15368
15394
15413
15310
15265
15295
15376
15423
15410
15225
15386
15331
15373
15383
15388
15321
15278
15394
15364
15479
15261
15323
15306
15339
15262
15433
15214
15479
15313
15330
15265
15385
15270
15292
15376
15248
15250
15248
15418
15388
15508
15415
15324
15370
15276
15426
15444
15352
15380
15212
15454
15266
15243
15457
15329
15429
15383
15448
15281
15281
15389
15321
15485
15425
15286
15410
15273
15219
15351
15367
15250
15207
15256
15356
15398
15400
15313
15413
15390
15257
15241
15288
15326
15374
15253
15401
15281
15285
15268
15342
15391
15524
15405
15417
15320
15395
15390
15422
15405
15424
15248
15309
15234
15288
15508
15340
15339
15363
15404
15288
15478
15405
15368
15416
15268
15375
15380
15368
15411
15525
15432
15328
15364
15251
15389
15325
15350
15428
15417
15434
15454
15298
15301
15361
15414
15418
15367
15357
15409
15307
15282
15329
15466
15524
15376
15384
15367
15355
15521
15346
15392
15405
15334
15242
15259
15323
15321
15377
15281
15454
15377
15298
15299
15359
15280
15330
15438
15196
15302
15463
15316
15271
15324
15237
15264
15273
15229
15387
15329
15301
15368
15331
15386
15372
15324
15371
15378
15275
15370
15296
15441
15483
15409
15275
15428
15352
15394
15378
15298
15283
15440
15260
15283
15255
15466
15375
15364
15335
15538
15528
15327
15325
15354
15369
15362
15468
15268
15426
15385
15225
15294
15352
15314
15351
15479
15331
15370
15239
15357
15482
15449
15487
15430
15254
15441
15314
15307
15479
15416
15306
15432
15264
15527
15333
15398
15300
15533
15496
15443
15321
15328
15496
15317
15368
15357
15365
15319
15432
15280
15205
15294
15408
15401
15275
15493
15205
15311
15400
15236
15383
15422
15295
15372
15359
15334
15322
15290
15307
15263
15488
15423
15324
15305
15333
15498
15365
15295
15364
15324
15375
15402
15363
15379
15386
15481
15232
15429
15368
15311
15373
15338
15274
15304
15436
15398
15423
15433
15382
15245
15425
15361
15275
15377
15407
15460
15394
15222
15369
15397
15402
15266
15423
15351
15363
15310
15334
15362
15254
15477
15382
15364
15402
15367
15384
15333
15387
15386
15322
15469
15514
15313
15372
15355
15285
15374
15271
15570
15426
15374
15277
15471
15309
15235
15388
15348
15367
15293
15228
15177
15428
15363
15421
15359
15328
15368
15271
15488
15370
15408
15269
15379
15238
15450
15302
15257
15369
15348
15433
15396
15336
15319
15230
15418
15471
15356
15341
15372
15252
15272
15348
15247
15434
15285
15315
15433
15397
15238
15340
15283
15212
15348
15319
15317
15292
15323
15385
15313
15339
15395
15415
15414
15295
15340
15382
15247
15255
15406
15205
15449
15376
15271
15437
15435
15325
15253
15233
15255
15357
15586
15318
15427
15439
15302
15385
15398
15394
15378
15447
15267
15331
15426
15454
15438
15294
15402
15154
15418
15331
15270
15265
15369
15283
15324
15334
15395
15352
15326
15318
15298
15342
15378
15427
15472
15401
15449
15301
15299
15368
15250
15409
15365
15319
15331
15382
15362
15279
15374
15338
15367
15324
15401
15420
15260
15413
15426
15373
15243
15295
15367
15425
15424
15496
15344
15385
15257
15315
15489
15510
15412
15332
15250
15382
15335
15425
15230
15248
15376
15423
15387
15365
15308
15293
15398
15293
15447
15319
15346
15280
15389
15399
15404
15385
15324
15518
15265
15327
15346
15376
15407
15391
15402
15392
15296
15254
15385
15285
15362
15376
15373
15389
15315
15492
15360
15300
15288
15222
15547
15210
15362
15536
15285
15215
15385
15241
15352
15367
15247
15333
15247
15467
15396
15334
15341
15426
15287
15376
15473
15266
15354
15308
15366
15383
15392
15332
15245
15394
15322
15142
15397
15407
15333
15215
15441
15398
15301
15296
15270
15385
15368
15253
15415
15448
15356
15429
15379
15274
15261
15370
15365
15400
15386
15371
15356
15365
15590
15353
15405
