208
0.011396265
0.008040371
0.2436787
0.03656539
0.1900996
0.023890408
0.047371354
0.03678838
0.044139795
0.2897346
0.01725061
0.004762776
0.11439447
0.03279416
0.3277201
0.1069803
0.060193155
-0.017792946
-0.011048108
0.031052593
-0.012962336
0.010137448
0.2778238
-0.0042857407
0.23577267
0.036993384
-0.011054215
0.05196488
0.29571876
0.38320467
0.041932795
0.0052211196
0.03228098
0.11264719
0.034287225
0.011260535
0.060079355
0.09542259
-0.013681115
0.014489317
0.26295316
0.019091422
0.1376993
0.019432748
0.245916
0.025439974
0.1130558
0.052255955
0.08795709
0.016908197
0.055969138
0.1374195
0.008330878
-0.005700882
0.004622275
0.13678238
0.16561824
0.19681399
0.21430476
0.14534107
-0.0069258166
-0.0113086505
0.04360687
0.25311685
0.02421768
0.17362869
0.115767084
0.00030163283
0.07341653
-0.0018166929
-0.010607928
-0.006717243
0.25546724
0.027004022
0.099175245
-0.00075415045
-0.0053013503
0.24884938
0.03176513
0.03563826
-0.014009531
0.32043564
0.03521217
0.008288829
0.009391188
0.05181945
0.08150759
0.08112108
0.035771895
0.09913023
0.032397628
-0.013868057
0.04705419
0.01903745
0.028550914
0.27862012
0.010615735
0.28763664
0.16200791
0.06144732
0.16667129
0.001667916
0.19231322
-0.0150118135
0.00802721
-0.006372134
0.24628732
-0.0071077906
0.007120814
-0.00063315954
0.012848174
0.008384587
0.05485106
0.018966973
0.10730723
0.049516995
0.35504088
0.020661922
0.03301079
-0.0050053657
0.035773136
-0.020424172
0.2827615
-0.0127632525
0.03236642
0.008378527
0.014926973
-0.008034727
0.20120302
0.019056333
0.05011194
0.0015160257
0.02152339
-0.0071306806
-0.008201101
0.040748034
-0.008675535
0.029707573
0.014128528
0.30729043
-0.00752384
0.26475367
0.028684605
-0.0070206523
-0.0072230254
0.04656611
0.009536926
0.4202708
0.06610139
0.011083299
0.1323299
0.023825705
0.01839199
0.37755314
-0.0058085397
0.16203359
0.36348745
-0.010548612
0.17549378
0.33257818
0.008882848
0.07170095
0.08390297
-0.011220845
0.047518153
-0.004323575
0.022652045
0.0821825
-0.008283167
0.021947531
0.2896341
0.039290275
0.047861844
0.023634823
-0.00866472
0.003337272
-0.0016377621
-0.0011196241
0.22494079
0.19896093
0.01474775
0.07150735
0.1365495
-0.011207452
0.24116588
-0.0005583029
0.03666552
0.10425114
-0.012291022
0.018157436
0.07008041
0.1452989
0.2803554
0.004258007
0.21535219
-0.016007952
-0.016182398
0.23536864
-0.009757347
0.060943663
-0.013918014
0.01392646
0.043341875
0.019654056
0.0094896685
0.020426646
0.086103745
-0.0042055175
