109
3.758343
2.6076148
2.177158
-3.0010588
0.47663444
2.4189885
-4.152534
-3.3232126
2.0016637
2.3771925
-2.944416
-0.2086796
2.0137417
-1.1879843
1.5142481
1.1063648
-1.2048897
2.3889086
-3.7796104
-2.6228247
-0.28567508
-3.8649852
6.9404716
0.9941252
-0.65013033
-1.2380573
1.2005652
-2.7463508
8.299182
8.19762
-2.5483642
-3.17054
1.2276528
-2.5437324
-2.665871
4.0784645
2.2515485
-2.2679532
1.8698318
-1.5543324
3.5213368
-4.3062673
-3.856432
-4.7833767
3.1276455
0.8346448
-2.6662865
0.08592484
3.2809117
1.5064548
-1.0923159
2.1658738
0.5755793
0.6355702
5.7022915
-1.5173566
-2.8129232
3.053764
-1.2314724
-3.0010624
0.48004666
4.2867346
2.2346094
-1.8046769
2.5744162
-1.6004965
1.493111
-0.69651955
-1.6677547
0.14361238
0.911624
1.9728141
-1.3759614
2.159548
-1.397155
0.9662558
-3.142051
-2.6323624
-4.1593995
-3.087284
1.7011054
-0.5936492
-2.5036366
1.454121
2.5975542
-2.3782952
-3.3263144
2.0415537
-2.2195582
-0.7691635
0.6129155
0.34192497
0.28149304
-2.656388
-0.28585556
-2.656856
-4.2364836
0.63873714
-0.40722623
-2.4080284
3.229281
3.0439858
-1.2252908
-1.7254728
3.5457535
1.3855044
0.75270873
-3.436203
2.3819335
